320
12
137
111
368
339
446
43
211
14
109
253
13
99
325
273
110
295
405
3
403
349
170
77
479
168
46
48
424
302
404
365
268
487
189
276
415
309
431
289
352
22
114
144
39
116
50
139
318
182
185
104
133
469
324
305
85
365
81
190
495
320
279
342
422
388
114
16
158
134
105
472
439
157
328
198
458
229
132
123
281
131
292
449
200
109
499
255
45
23
54
314
396
211
31
191
499
265
486
431
5
361
341
269
133
321
55
217
227
477
438
131
250
89
457
436
149
320
305
76
382
270
390
265
0
162
9
465
440
416
154
29
439
474
42
243
34
381
383
64
238
275
132
437
211
106
270
365
100
156
498
325
219
259
60
112
169
294
115
110
35
316
114
453
430
35
119
335
107
66
468
286
236
393
404
95
48
215
212
233
365
337
493
49
201
169
431
124
95
224
211
139
125
462
222
431
275
25
500
418
485
464
425
83
243
107
200
29
189
493
132
392
227
211
479
498
278
359
77
148
485
290
271
374
28
292
251
427
78
481
40
93
298
338
117
60
446
123
297
310
210
292
261
468
102
358
119
198
336
150
158
376
36
229
500
499
36
106
132
467
441
440
185
79
417
352
306
494
327
3
409
149
332
470
67
57
53
277
136
303
359
102
317
132
244
453
423
46
212
138
1
386
319
131
371
276
214
4
37
442
452
273
418
291
74
63
154
450
398
431
450
105
125
51
390
442
203
310
77
465
433
489
406
441
12
369
166
466
401
432
406
133
394
54
436
430
111
409
230
152
398
114
11
96
164
433
484
139
321
200
491
268
470
57
486
89
482
132
54
217
365
157
303
256
192
288
127
355
0
463
269
360
371
335
182
35
332
165
157
424
360
150
154
204
201
148
63
210
471
339
452
308
150
274
0
143
215
290
328
232
221
107
237
451
398
85
42
258
317
167
410
376
337
112
99
12
122
238
425
36
207
315
97
348
247
122
328
2
376
385
53
212
88
479
259
25
124
425
228
401
334
494
298
475
446
306
360
252
416
274
449
372
237
129
123
319
383
261
314
137
38
143
136
160
270
69
115
347
353
32
204
271
208
103
210
453
292
348
429
383
190
2
176
377
427
477
209
374
273
302
110
109
218
14
168
340
202
82
234
63
